HMMER3/b [3.0 | March 2010]
NAME  0051231
ACC   47353
DESC  Retrovirus capsid dimerization domain-like
LENG  96
ALPH  amino
RF    no
CS    no
MAP   no
COM 1 This model under the license at http://supfam.org/SUPERFAMILY/license.html
COM 2 SUPERFAMILY http://supfam.org Julian Gough <gough@supfam.org>
STATS LOCAL MSV       -9.9791  0.72196
STATS LOCAL VITERBI  -10.4047  0.72196
STATS LOCAL FORWARD   -4.6290  0.72196
HMM          A        C        D        E        F        G        H        I        K        L        M        N        P        Q        R        S        T        V        W        Y   
            m->m     m->i     m->d     i->m     i->i     d->m     d->d
          2.54091  4.18910  2.92766  2.70561  3.22625  2.66633  3.77575  2.83006  2.82275  2.33953  3.73926  3.18354  3.03052  3.22984  2.91696  2.68331  2.91750  2.69798  4.47296  3.49288
          0.03812        *  3.25987  0.00000        *  0.00000        *
      1   2.34695  4.58581  3.04633  2.96385  3.50312  3.04772  3.35963  3.24249  2.21040  2.76630  3.91207  2.68797  3.43172  3.30141  2.44191  2.82730  2.99781  3.05396  3.57520  3.14822      - - -
          2.54091  4.18910  2.92766  2.70561  3.22625  2.66633  3.77575  2.83006  2.82275  2.33953  3.73926  3.18354  3.03052  3.22984  2.91696  2.68331  2.91750  2.69798  4.47296  3.49288
          0.02565  4.79797  4.40287  1.46601  0.45540  1.86872  0.16705
      2   2.82245  4.32796  3.34023  3.36310  2.70322  2.76145  3.46014  2.72818  3.31181  2.27555  3.10525  3.28062  3.50797  3.41578  3.22794  3.14407  2.98534  2.53271  4.03615  2.15564      - - -
          2.54091  4.18910  2.92766  2.70561  3.22625  2.66633  3.77575  2.83006  2.82275  2.33953  3.73926  3.18354  3.03052  3.22984  2.91696  2.68331  2.91750  2.69798  4.47296  3.49288
          0.02357  4.88253  4.48674  1.46601  0.45540  1.03764  0.43668
      3   3.06297  5.03774  2.13623  1.89294  4.67869  2.13068  3.25844  5.20687  2.83631  4.14982  5.28104  2.37814  2.68104  3.25358  3.12258  2.21802  3.12050  4.55393  5.31916  4.23577      - - -
          2.54091  4.18910  2.92766  2.70561  3.22625  2.66633  3.77575  2.83006  2.82275  2.33953  3.73926  3.18354  3.03052  3.22984  2.91696  2.68331  2.91750  2.69798  4.47296  3.49288
          0.02079  5.05374  4.65864  1.46601  0.45540  1.87496  0.16566
      4   2.88483  3.52114  3.57312  3.39013  3.18219  3.45182  3.51559  2.45092  3.41578  1.73420  3.58491  3.67155  2.66510  3.59877  2.72125  3.12258  2.83076  2.62490  3.94534  3.12812      - - -
          2.54091  4.18910  2.92766  2.70561  3.22625  2.66633  3.77575  2.83006  2.82275  2.33953  3.73926  3.18354  3.03052  3.22984  2.91696  2.68331  2.91750  2.69798  4.47296  3.49288
          0.02010  5.08631  4.69053  1.46601  0.45540  1.75366  0.18923
      5   2.79888  4.62255  2.44884  3.03940  3.30210  2.89315  3.81157  2.85502  3.19189  2.73996  3.88989  2.65817  3.56134  3.49064  3.16694  2.16326  2.54796  2.41141  4.48184  3.43865      - - -
          2.54091  4.18910  2.92766  2.70561  3.22625  2.66633  3.77575  2.83006  2.82275  2.33953  3.73926  3.18354  3.03052  3.22984  2.91696  2.68331  2.91750  2.69798  4.47296  3.49288
          0.01941  5.11820  4.72310  1.46601  0.45540  1.93457  0.15526
      6   2.68659  4.11309  3.34300  2.90701  3.30488  3.20853  3.81295  3.22031  3.22170  2.55628  3.91554  3.32983  1.85897  3.00960  3.10594  2.16604  2.87097  2.97979  4.38965  3.53084      - - -
          2.54091  4.18910  2.92766  2.70561  3.22625  2.66633  3.77575  2.83006  2.82275  2.33953  3.73926  3.18354  3.03052  3.22984  2.91696  2.68331  2.91750  2.69798  4.47296  3.49288
          0.01941  5.13691  4.74182  1.46601  0.45540  2.18203  0.11853
      7   2.85641  5.98528  2.44537  1.00501  5.05091  3.84622  3.97862  3.46777  2.31437  3.68749  4.81108  3.58352  3.86633  2.94375  2.97563  3.20714  3.07960  3.53985  6.00954  4.87763      - - -
          2.54091  4.18910  2.92766  2.70561  3.22625  2.66633  3.77575  2.83006  2.82275  2.33953  3.73926  3.18354  3.03052  3.22984  2.91696  2.68331  2.91750  2.69798  4.47296  3.49288
          0.01941  5.14523  4.75014  1.46601  0.45540  1.87358  0.16566
      8   2.16188  3.58629  3.98763  3.23695  2.71501  3.19952  3.84137  2.66995  3.45044  2.27971  3.59115  3.78176  3.69997  3.63481  3.23071  2.41072  2.31229  2.43220  4.27043  3.32151      - - -
          2.54091  4.18910  2.92766  2.70561  3.22625  2.66633  3.77575  2.83006  2.82275  2.33953  3.73926  3.18354  3.03052  3.22984  2.91696  2.68331  2.91750  2.69798  4.47296  3.49288
          0.01941  5.16187  4.76608  1.46601  0.45540  2.38165  0.09635
      9   2.36289  3.76651  3.94742  3.49203  2.47310  3.71591  3.86702  2.90146  3.25497  2.39755  3.63481  3.77344  3.02207  3.28477  3.22932  2.35734  3.10941  2.72333  3.61818  2.18544      - - -
          2.54091  4.18910  2.92766  2.70561  3.22625  2.66633  3.77575  2.83006  2.82275  2.33953  3.73926  3.18354  3.03052  3.22984  2.91696  2.68331  2.91750  2.69798  4.47296  3.49288
          0.01941  5.16325  4.76747  1.46601  0.45540  2.37957  0.09635
     10   2.61104  3.95782  2.86681  3.01306  3.92663  2.90008  2.70045  3.74780  2.81898  3.22170  4.35777  3.04910  3.52530  3.19120  1.47843  2.59579  3.18496  3.51698  4.63087  3.79285      - - -
          2.54091  4.18910  2.92766  2.70561  3.22625  2.66633  3.77575  2.83006  2.82275  2.33953  3.73926  3.18354  3.03052  3.22984  2.91696  2.68331  2.91750  2.69798  4.47296  3.49288
          0.01941  5.16395  4.76816  1.46601  0.45540  2.42879  0.09150
     11   2.75313  4.43609  3.82890  3.26745  3.34577  3.73879  3.77899  2.93335  2.62143  2.26862  3.44212  3.74988  3.77552  1.63370  2.77670  3.26329  2.88136  2.58192  4.20735  3.41647      - - -
          2.54091  4.18910  2.92766  2.70561  3.22625  2.66633  3.77575  2.83006  2.82275  2.33953  3.73926  3.18354  3.03052  3.22984  2.91696  2.68331  2.91750  2.69798  4.47296  3.49288
          0.01941  5.16395  4.76816  1.46601  0.45540  2.32066  0.10259
     12   3.04217  3.94950  3.24942  3.09208  3.70690  3.05257  3.35340  3.39360  2.20970  2.74897  3.85662  2.91255  3.39845  2.29357  1.85689  2.93127  3.15932  3.24527  4.68770  3.67987      - - -
          2.54091  4.18910  2.92766  2.70561  3.22625  2.66633  3.77575  2.83006  2.82275  2.33953  3.73926  3.18354  3.03052  3.22984  2.91696  2.68331  2.91750  2.69798  4.47296  3.49288
          0.01941  5.16603  4.77024  1.46601  0.45540  2.38373  0.09565
     13   3.47262  4.19418  4.43332  4.02020  0.79430  4.17893  3.45113  3.42063  3.84484  2.45646  4.11170  3.67640  4.34390  4.16438  3.86355  3.76928  3.68056  3.21338  3.96822  2.44121      - - -
          2.54091  4.18910  2.92766  2.70561  3.22625  2.66633  3.77575  2.83006  2.82275  2.33953  3.73926  3.18354  3.03052  3.22984  2.91696  2.68331  2.91750  2.69798  4.47296  3.49288
          0.01941  5.16672  4.77093  1.46601  0.45540  2.28461  0.10674
     14   2.97494  4.79237  3.19952  3.02623  3.24111  3.15516  3.81850  3.47400  3.06366  2.98880  4.13388  2.75868  3.60640  3.38251  1.27049  2.64639  3.18565  3.28131  3.72700  3.68749      - - -
          2.54091  4.18910  2.92766  2.70561  3.22625  2.66633  3.77575  2.83006  2.82275  2.33953  3.73926  3.18354  3.03052  3.22984  2.91696  2.68331  2.91750  2.69798  4.47296  3.49288
          0.01941  5.16949  4.77370  1.46601  0.45540  2.36017  0.09843
     15   2.61034  4.14844  3.38528  2.75036  3.08376  3.01722  3.15100  3.06921  3.09970  2.40309  3.66809  3.20229  3.69027  2.43428  2.91048  2.36428  2.95969  2.80789  3.89266  3.38251      - - -
          2.54091  4.18910  2.92766  2.70561  3.22625  2.66633  3.77575  2.83006  2.82275  2.33953  3.73926  3.18354  3.03052  3.22984  2.91696  2.68331  2.91750  2.69798  4.47296  3.49288
          0.01941  5.17018  4.77440  1.46601  0.45540  2.39898  0.09427
     16   2.65262  4.44510  3.93841  3.51629  1.62954  3.75196  3.33676  2.89107  3.45875  1.99206  3.34300  3.81157  3.50034  3.64175  3.36310  2.93266  3.05118  2.72679  3.27854  3.25982      - - -
          2.54091  4.18910  2.92766  2.70561  3.22625  2.66633  3.77575  2.83006  2.82275  2.33953  3.73926  3.18354  3.03052  3.22984  2.91696  2.68331  2.91750  2.69798  4.47296  3.49288
          0.01941  5.17018  4.77440  1.46601  0.45540  2.39898  0.09427
     17   2.79264  3.06435  3.34439  2.87166  3.48579  3.12535  3.41162  3.02346  3.01583  2.70045  3.88227  3.28963  3.03108  2.60965  2.33516  2.45716  2.74065  2.98880  3.89336  3.48163      - - -
          2.54091  4.18910  2.92766  2.70561  3.22625  2.66633  3.77575  2.83006  2.82275  2.33953  3.73926  3.18354  3.03052  3.22984  2.91696  2.68331  2.91750  2.69798  4.47296  3.49288
          0.01941  5.17018  4.77440  1.46601  0.45540  2.00112  0.14417
     18   2.96107  4.26419  3.49896  3.45598  3.13783  3.66046  3.86979  2.85017  2.69768  2.39339  3.67710  3.04910  3.07129  3.61956  3.11634  2.88691  2.92365  2.62767  4.31548  1.70994      - - -
          2.54091  4.18910  2.92766  2.70561  3.22625  2.66633  3.77575  2.83006  2.82275  2.33953  3.73926  3.18354  3.03052  3.22984  2.91696  2.68331  2.91750  2.69798  4.47296  3.49288
          0.01941  5.17920  4.78341  1.46601  0.45540  1.85209  0.16982
     19   3.10109  5.32748  2.51885  2.09395  4.63503  2.45300  3.41162  4.74870  2.36012  3.57728  4.65582  2.59232  2.81136  2.26030  2.86057  2.31575  3.06713  4.10962  5.35521  4.24201      - - -
          2.54091  4.18910  2.92766  2.70561  3.22625  2.66633  3.77575  2.83006  2.82275  2.33953  3.73926  3.18354  3.03052  3.22984  2.91696  2.68331  2.91750  2.69798  4.47296  3.49288
          0.01941  5.19029  4.79519  1.46601  0.45540  2.29016  0.10605
     20   2.89176  5.59226  2.34348  1.42575  4.93516  3.11773  3.82404  4.62394  2.45300  3.96059  5.12924  2.52716  2.81136  2.99504  3.07129  2.37259  3.09000  3.84900  5.65326  4.54630      - - -
          2.54091  4.18910  2.92766  2.70561  3.22625  2.66633  3.77575  2.83006  2.82275  2.33953  3.73926  3.18354  3.03052  3.22984  2.91696  2.68331  2.91750  2.69798  4.47296  3.49288
          0.01941  5.19029  4.79519  1.46601  0.45540  2.08845  0.13170
     21   2.16326  4.76187  2.84185  2.83908  3.53015  2.26931  3.54678  3.41509  3.00752  2.87582  3.57728  2.63738  3.60224  3.30488  3.10317  2.49805  2.80373  2.61381  4.63988  3.66115      - - -
          2.54091  4.18910  2.92766  2.70561  3.22625  2.66633  3.77575  2.83006  2.82275  2.33953  3.73926  3.18354  3.03052  3.22984  2.91696  2.68331  2.91750  2.69798  4.47296  3.49288
          0.01941  5.19445  4.79866  1.46601  0.45540  2.26728  0.10882
     22   2.22911  4.92337  2.80304  2.27763  3.60016  2.83076  3.75404  3.63620  3.03039  2.96870  4.09368  3.12951  2.90008  2.57638  3.22516  2.02602  2.84047  3.34092  4.82980  3.83305      - - -
          2.54091  4.18910  2.92766  2.70561  3.22625  2.66633  3.77575  2.83006  2.82275  2.33953  3.73926  3.18354  3.03052  3.22984  2.91696  2.68331  2.91750  2.69798  4.47296  3.49288
          0.01941  5.19445  4.79935  1.46601  0.45540  2.10925  0.12893
     23   2.93820  4.43609  2.61658  2.80165  4.22884  1.68846  3.50935  4.21221  2.96731  3.23556  4.71335  2.86611  2.87512  3.34785  2.71570  2.25545  2.44191  3.80186  5.05091  3.79147      - - -
          2.54091  4.18910  2.92766  2.70561  3.22625  2.66633  3.77575  2.83006  2.82275  2.33953  3.73926  3.18354  3.03052  3.22984  2.91696  2.68331  2.91750  2.69798  4.47296  3.49288
          0.01941  5.19791  4.80212  1.46601  0.45540  2.24926  0.11090
     24   2.27555  4.57819  3.73879  3.43588  3.09000  3.59669  3.21477  3.07614  3.41301  2.64153  3.80186  3.65630  1.39872  3.64937  3.39221  3.14615  3.18080  2.61589  4.23231  3.19397      - - -
          2.54091  4.18910  2.92766  2.70561  3.22625  2.66633  3.77575  2.83006  2.82275  2.33953  3.73926  3.18354  3.03052  3.22984  2.91696  2.68331  2.91750  2.69798  4.47296  3.49288
          0.01941  5.19791  4.80212  1.46601  0.45540  2.24926  0.11090
     25   2.96246  4.40005  3.98139  3.21269  2.98672  3.72146  3.04910  2.70808  2.60757  2.35942  3.35062  3.80949  3.78523  2.94097  1.91304  3.16278  2.86681  2.43775  4.29816  3.22308      - - -
          2.54091  4.18910  2.92766  2.70561  3.22625  2.66633  3.77575  2.83006  2.82275  2.33953  3.73926  3.18354  3.03052  3.22984  2.91696  2.68331  2.91750  2.69798  4.47296  3.49288
          0.01941  5.19791  4.80212  1.46601  0.45540  2.24926  0.11090
     26   2.41834  6.31591  2.79888  1.16374  5.43145  3.95713  4.57611  4.01951  2.31645  3.69027  4.88733  3.69096  3.94396  1.97403  2.91186  3.25150  3.26883  3.45460  6.42057  5.20133      - - -
          2.54091  4.18910  2.92766  2.70561  3.22625  2.66633  3.77575  2.83006  2.82275  2.33953  3.73926  3.18354  3.03052  3.22984  2.91696  2.68331  2.91750  2.69798  4.47296  3.49288
          0.01941  5.19791  4.80212  1.46601  0.45540  2.21391  0.11506
     27   1.74737  4.50402  3.47816  2.60688  2.37190  3.69928  3.89197  2.87651  3.39429  2.35180  3.69096  3.74156  3.76928  2.98464  3.34993  3.04217  2.73026  2.75313  4.33559  3.22655      - - -
          2.54091  4.18910  2.92766  2.70561  3.22625  2.66633  3.77575  2.83006  2.82275  2.33953  3.73926  3.18354  3.03052  3.22984  2.91696  2.68331  2.91750  2.69798  4.47296  3.49288
          0.02773  4.27325  4.80282  1.34956  0.48659  2.24510  0.11090
     28   2.22980  4.48184  4.09992  3.60570  2.88136  3.83791  3.88573  2.60688  3.54609  1.30237  3.52946  3.90306  3.85523  3.72700  3.44974  3.22170  3.18427  2.48558  4.34806  2.79819      - - -
          2.54091  4.18910  2.92766  2.70561  3.22625  2.66633  3.77575  2.83006  2.82275  2.33953  3.73926  3.18354  3.03052  3.22984  2.91696  2.68331  2.91750  2.69798  4.47296  3.49288
          0.01941  5.19860  4.80282  1.46601  0.45540  2.24510  0.11090
     29   2.39408  4.16923  3.57798  3.20437  3.31111  3.07406  3.54956  2.80304  3.17248  2.63807  3.79147  3.09416  3.71106  2.53479  2.41626  2.22218  3.01167  2.60688  4.41114  3.34577      - - -
          2.54091  4.18910  2.92766  2.70561  3.22625  2.66633  3.77575  2.83006  2.82275  2.33953  3.73926  3.18354  3.03052  3.22984  2.91696  2.68331  2.91750  2.69798  4.47296  3.49288
          0.01941  5.19860  4.80282  1.46601  0.45540  2.19936  0.11645
     30   3.09208  5.00517  2.65540  2.33724  4.65097  2.89315  3.47608  4.53591  2.45092  3.78939  4.97744  2.81066  3.54124  1.93868  1.72311  2.80581  2.94721  4.07704  5.41482  4.34252      - - -
          2.54091  4.18910  2.92766  2.70561  3.22625  2.66633  3.77575  2.83006  2.82275  2.33953  3.73926  3.18354  3.03052  3.22984  2.91696  2.68331  2.91750  2.69798  4.47296  3.49288
          0.01941  5.19930  4.80351  1.46601  0.45540  2.24025  0.11160
     31   3.38043  4.79999  4.60453  4.04516  3.27438  4.35430  4.48253  2.52578  2.85294  0.72360  3.05534  4.40698  4.33974  3.83860  3.85593  3.90445  3.68541  2.86750  4.82703  3.88435      - - -
          2.54091  4.18910  2.92766  2.70561  3.22625  2.66633  3.77575  2.83006  2.82275  2.33953  3.73926  3.18354  3.03052  3.22984  2.91696  2.68331  2.91750  2.69798  4.47296  3.49288
          0.01941  5.19930  4.80351  1.46601  0.45540  1.74327  0.19131
     32   3.01653  4.40698  3.45806  2.95276  3.50935  3.39984  3.71661  3.20160  2.58262  2.68174  3.90306  3.42687  3.67918  2.86889  1.81322  2.72402  2.74551  3.03593  2.90701  2.93959      - - -
          2.54091  4.18910  2.92766  2.70561  3.22625  2.66633  3.77575  2.83006  2.82275  2.33953  3.73926  3.18354  3.03052  3.22984  2.91696  2.68331  2.91750  2.69798  4.47296  3.49288
          0.01941  5.21039  4.81529  1.46601  0.45540  2.16955  0.12061
     33   2.92087  5.75792  2.54241  1.39110  4.91783  3.15030  3.98971  4.24409  2.22010  3.51698  4.18032  3.21130  3.75404  2.71570  2.36913  2.89592  2.85225  3.49203  5.78704  4.67869      - - -
          2.54091  4.18910  2.92766  2.70561  3.22625  2.66633  3.77575  2.83006  2.82275  2.33953  3.73926  3.18354  3.03052  3.22984  2.91696  2.68331  2.91750  2.69798  4.47296  3.49288
          0.01941  5.21039  4.81529  1.46601  0.45540  1.87982  0.16497
     34   2.76422  4.47837  4.06249  3.56896  3.21615  3.80741  3.93009  2.81621  3.51074  1.12423  2.95137  3.86910  3.65422  3.69373  3.27230  3.17734  3.04079  2.67758  4.32172  2.98464      - - -
          2.54091  4.18910  2.92766  2.70561  3.22625  2.66633  3.77575  2.83006  2.82275  2.33953  3.73926  3.18354  3.03052  3.22984  2.91696  2.68331  2.91750  2.69798  4.47296  3.49288
          0.01941  5.21663  4.82084  1.46601  0.45540  2.13073  0.12546
     35   2.63668  1.59557  4.13180  3.66115  2.03156  3.55233  3.94465  2.96939  3.60570  2.37467  3.74780  3.93633  3.91138  3.79632  3.51629  3.30765  3.23279  2.67550  4.29885  2.81759      - - -
          2.54091  4.18910  2.92766  2.70561  3.22625  2.66633  3.77575  2.83006  2.82275  2.33953  3.73926  3.18354  3.03052  3.22984  2.91696  2.68331  2.91750  2.69798  4.47296  3.49288
          0.01941  5.21663  4.82084  1.46601  0.45540  1.93735  0.15457
     36   3.05049  3.27091  2.49875  3.01306  3.61194  2.85918  2.50776  3.47955  3.03524  2.88275  3.90306  2.73927  3.59461  3.21477  2.08494  2.78086  2.88968  3.28616  4.42015  3.23487      - - -
          2.54091  4.18910  2.92766  2.70561  3.22625  2.66633  3.77575  2.83006  2.82275  2.33953  3.73926  3.18354  3.03052  3.22984  2.91696  2.68331  2.91750  2.69798  4.47296  3.49288
          0.01941  5.22009  4.82430  1.46601  0.45540  1.88675  0.16358
     37   2.93820  4.57472  3.16001  3.05118  3.44212  3.00336  3.16971  3.40330  2.26516  2.50290  4.07912  3.26675  3.62442  2.12445  2.26654  2.54311  3.18358  3.21754  4.26419  3.65907      - - -
          2.54091  4.18910  2.92766  2.70561  3.22625  2.66633  3.77575  2.83006  2.82275  2.33953  3.73926  3.18354  3.03052  3.22984  2.91696  2.68331  2.91750  2.69798  4.47296  3.49288
          0.01941  5.22425  4.82846  1.46601  0.45540  2.07459  0.13308
     38   5.53057  5.86883  6.43236  6.09895  3.52114  5.67405  5.74753  5.42868  6.23758  4.32865  5.92636  6.36651  6.46424  6.54603  5.38224  5.69762  5.83486  5.44878  0.12194  3.65907      - - -
          2.54091  4.18910  2.92766  2.70561  3.22625  2.66633  3.77575  2.83006  2.82275  2.33953  3.73926  3.18354  3.03052  3.22984  2.91696  2.68331  2.91750  2.69798  4.47296  3.49288
          0.02981  4.18037  4.82916  1.32807  0.49283  2.07459  0.13308
     39   3.43449  3.54886  5.14380  4.61631  3.33468  4.72721  4.94486  2.21871  4.51303  0.66745  3.02415  4.87139  4.69949  4.68355  4.45481  3.59946  3.91277  2.46340  5.17221  4.22884      - - -
          2.54091  4.18910  2.92766  2.70561  3.22625  2.66633  3.77575  2.83006  2.82275  2.33953  3.73926  3.18354  3.03052  3.22984  2.91696  2.68331  2.91750  2.69798  4.47296  3.49288
          0.01941  5.22425  4.82916  1.46601  0.45540  1.89160  0.16289
     40   2.99504  4.57195  3.41093  2.68659  3.61333  3.74918  3.42202  3.21615  2.55628  2.41765  3.37488  3.54055  3.80671  2.20624  1.86867  2.94860  3.04495  2.75521  4.62879  3.66115      - - -
          2.54091  4.18910  2.92766  2.70561  3.22625  2.66633  3.77575  2.83006  2.82275  2.33953  3.73926  3.18354  3.03052  3.22984  2.91696  2.68331  2.91750  2.69798  4.47296  3.49288
          0.01941  5.22772  4.83262  1.46601  0.45540  2.04894  0.13724
     41   2.49667  5.06478  3.37696  3.08307  3.84692  2.97355  4.11516  3.77622  3.33953  3.27854  3.49965  3.48024  1.00640  3.03593  3.51490  2.88414  3.40885  3.53015  5.02873  4.03129      - - -
          2.54091  4.18910  2.92766  2.70561  3.22625  2.66633  3.77575  2.83006  2.82275  2.33953  3.73926  3.18354  3.03052  3.22984  2.91696  2.68331  2.91750  2.69798  4.47296  3.49288
          0.07209  2.89320  4.83262  1.01546  0.60234  2.04894  0.13724
     42   3.03178  5.76763  1.89571  1.25247  5.12092  2.86126  4.12279  4.83534  2.37467  4.16438  5.25401  3.13020  3.66462  3.01999  3.17734  2.59717  3.09970  3.88435  5.83902  4.71612      - - -
          2.54091  4.18910  2.92766  2.70561  3.22625  2.66633  3.77575  2.83006  2.82275  2.33953  3.73926  3.18354  3.03052  3.22984  2.91696  2.68331  2.91750  2.69798  4.47296  3.49288
          0.01941  5.22772  4.83262  1.46601  0.45540  1.94497  0.15319
     43   2.68243  4.42847  3.23695  3.42479  3.27646  3.02346  3.90237  2.38368  2.58678  2.21594  3.19259  3.11495  3.79909  3.53431  3.11149  2.91671  2.65678  2.24090  4.01951  3.35548      - - -
          2.54091  4.18910  2.92766  2.70561  3.22625  2.66633  3.77575  2.83006  2.82275  2.33953  3.73926  3.18354  3.03052  3.22984  2.91696  2.68331  2.91750  2.69798  4.47296  3.49288
          0.01941  5.22980  4.83401  1.46601  0.45540  2.03508  0.13932
     44   3.02346  3.68333  3.47331  3.12604  3.52738  3.43034  1.94492  3.01306  3.04148  2.64292  3.91623  3.12604  3.02554  2.99920  2.20416  3.01861  2.65262  3.04495  4.52066  3.55510      - - -
          2.54091  4.18910  2.92766  2.70561  3.22625  2.66633  3.77575  2.83006  2.82275  2.33953  3.73926  3.18354  3.03052  3.22984  2.91696  2.68331  2.91750  2.69798  4.47296  3.49288
          0.07070  2.91815  4.83401  1.15340  0.51501  2.03508  0.13932
     45   3.34300  5.04468  2.90146  3.79216  5.23737  3.88989  4.81316  4.66691  3.84345  4.34945  5.07240  3.10802  4.17824  4.21428  4.10615  1.29752  0.90104  4.01951  6.17797  5.06616      - - -
          2.54091  4.18910  2.92766  2.70561  3.22625  2.66633  3.77575  2.83006  2.82275  2.33953  3.73926  3.18354  3.03052  3.22984  2.91696  2.68331  2.91750  2.69798  4.47296  3.49288
          0.01941  5.22980  4.83470  1.46601  0.45540  2.03508  0.13932
     46   2.70322  4.51165  3.91277  3.38182  2.76006  3.52391  3.90722  2.85918  1.43754  2.38438  3.69789  3.77344  3.52738  3.63204  3.30765  3.29032  2.85364  2.62282  4.34321  3.04009      - - -
          2.54091  4.18910  2.92766  2.70561  3.22625  2.66633  3.77575  2.83006  2.82275  2.33953  3.73926  3.18354  3.03052  3.22984  2.91696  2.68331  2.91750  2.69798  4.47296  3.49288
          0.01941  5.22980  4.83470  1.46601  0.45540  2.03508  0.13932
     47   2.71501  5.86328  2.24991  1.02927  4.36123  3.59461  4.30370  4.43124  2.42943  3.89474  5.00725  3.39221  3.79354  3.06713  3.12535  2.97286  2.96731  3.59600  5.89933  4.78405      - - -
          2.54091  4.18910  2.92766  2.70561  3.22625  2.66633  3.77575  2.83006  2.82275  2.33953  3.73926  3.18354  3.03052  3.22984  2.91696  2.68331  2.91750  2.69798  4.47296  3.49288
          0.01941  5.22980  4.83470  1.46601  0.45540  1.98032  0.14764
     48   3.11010  5.87715  2.42042  1.81600  5.20202  3.17318  4.21082  4.65651  2.45577  4.05209  5.14934  3.16139  3.73047  1.25247  3.03871  2.85918  3.32567  4.09021  5.96032  4.82079      - - -
          2.54091  4.18910  2.92766  2.70561  3.22625  2.66633  3.77575  2.83006  2.82275  2.33953  3.73926  3.18354  3.03052  3.22984  2.91696  2.68331  2.91750  2.69798  4.47296  3.49288
          0.02010  5.23118  4.83539  1.46601  0.45540  1.78763  0.18230
     49   4.01189  5.19093  6.17936  5.67683  3.09832  5.59365  5.86120  1.07017  5.38986  1.33149  2.17920  5.78981  5.46542  5.55622  5.39471  5.26024  4.61770  1.88184  5.76971  4.80693      - - -
          2.54091  4.18910  2.92766  2.70561  3.22625  2.66633  3.77575  2.83006  2.82275  2.33953  3.73926  3.18354  3.03052  3.22984  2.91696  2.68331  2.91750  2.69798  4.47296  3.49288
          0.03882  5.23603  3.64110  1.46601  0.45540  1.99141  0.14625
     50   2.59717  4.46798  4.02575  3.36102  3.26606  3.17387  3.89960  2.26030  3.22724  1.55121  3.09901  3.83860  3.79770  3.36518  3.09624  3.18288  3.13367  2.27278  4.29538  3.34646      - - -
          2.54091  4.18910  2.92766  2.70561  3.22625  2.66633  3.77575  2.83006  2.82275  2.33953  3.73926  3.18354  3.03052  3.22984  2.91696  2.68331  2.91750  2.69798  4.47296  3.49288
          0.02010  5.21732  4.82153  1.46601  0.45540  2.13004  0.12546
     51   3.14892  5.79189  1.72381  1.04660  4.26419  3.29517  4.19834  5.09805  3.10386  4.38203  5.45571  2.85780  3.70898  3.29379  3.50727  2.39755  3.55233  4.55531  5.83902  4.73345      - - -
          2.54091  4.18910  2.92766  2.70561  3.22625  2.66633  3.77575  2.83006  2.82275  2.33953  3.73926  3.18354  3.03052  3.22984  2.91696  2.68331  2.91750  2.69798  4.47296  3.49288
          0.02911  5.21732  4.06669  1.46601  0.45540  2.08221  0.13239
     52   2.52578  4.49432  3.97931  3.43519  3.26745  3.79077  3.74364  2.75521  3.03801  1.43823  3.17803  3.83028  3.80048  2.69491  2.68312  3.28893  2.97147  2.70045  4.32242  3.37211      - - -
          2.54091  4.18910  2.92766  2.70561  3.22625  2.66633  3.77575  2.83006  2.82275  2.33953  3.73926  3.18354  3.03052  3.22984  2.91696  2.68331  2.91750  2.69798  4.47296  3.49288
          0.02218  5.20900  4.63092  1.46601  0.45540  1.94012  0.15457
     53   3.99733  5.16944  6.33532  5.76555  3.03386  5.62276  5.90556  1.83818  5.45710  0.69934  2.86403  5.84387  5.48829  5.58256  5.47928  5.33788  4.73900  1.83540  5.74822  4.82287      - - -
          2.54091  4.18910  2.92766  2.70561  3.22625  2.66633  3.77575  2.83006  2.82275  2.33953  3.73926  3.18354  3.03052  3.22984  2.91696  2.68331  2.91750  2.69798  4.47296  3.49288
          0.02287  5.21247  4.54011  1.46601  0.45540  2.16539  0.12130
     54   3.53985  4.81039  6.21263  5.73505  3.89890  5.57632  6.13708  1.69885  5.52849  1.78688  3.30488  5.93745  5.42452  5.82932  5.58672  5.21103  4.10615  0.70142  6.11004  5.00863      - - -
          2.54091  4.18910  2.92766  2.70561  3.22625  2.66633  3.77575  2.83006  2.82275  2.33953  3.73926  3.18354  3.03052  3.22984  2.91696  2.68331  2.91750  2.69798  4.47296  3.49288
          0.02010  5.20969  4.81391  1.46601  0.45540  2.18203  0.11922
     55   3.11218  4.57819  4.23716  3.73255  3.22101  3.97515  4.10061  2.36150  3.45668  0.97313  2.98672  4.03961  3.86078  3.70205  3.27715  3.51767  3.32082  2.65956  4.47283  3.52599      - - -
          2.54091  4.18910  2.92766  2.70561  3.22625  2.66633  3.77575  2.83006  2.82275  2.33953  3.73926  3.18354  3.03052  3.22984  2.91696  2.68331  2.91750  2.69798  4.47296  3.49288
          0.02079  5.20969  4.81391  1.46601  0.45540  2.18203  0.11922
     56   3.46430  6.51276  1.75084  0.58497  5.66989  4.09160  4.84505  5.14172  3.23625  4.61562  5.67613  3.78384  4.05555  3.40538  3.98693  3.69650  4.01397  4.64889  6.56405  5.39125      - - -
          2.54091  4.18910  2.92766  2.70561  3.22625  2.66633  3.77575  2.83006  2.82275  2.33953  3.73926  3.18354  3.03052  3.22984  2.91696  2.68331  2.91750  2.69798  4.47296  3.49288
          0.02079  5.20969  4.81391  1.46601  0.45540  2.18203  0.11922
     57   3.09069  5.99359  2.72540  2.15980  5.28589  3.84137  4.30647  4.41460  2.29773  3.79354  4.90535  3.51559  3.90583  1.03135  2.57083  3.20922  3.32983  3.87603  6.10172  4.96843      - - -
          2.54091  4.18910  2.92766  2.70561  3.22625  2.66633  3.77575  2.83006  2.82275  2.33953  3.73926  3.18354  3.03052  3.22984  2.91696  2.68331  2.91750  2.69798  4.47296  3.49288
          0.02218  5.20969  4.62398  1.46601  0.45540  2.18203  0.11922
     58   4.52412  5.56107  6.53771  5.95547  0.50525  5.88824  5.70039  3.44420  5.99498  2.05444  3.65145  6.18698  5.43630  5.93398  5.67336  5.23113  5.10290  3.23764  3.91069  2.30120      - - -
          2.54091  4.18910  2.92766  2.70561  3.22625  2.66633  3.77575  2.83006  2.82275  2.33953  3.73926  3.18354  3.03052  3.22984  2.91696  2.68331  2.91750  2.69798  4.47296  3.49288
          0.02079  5.20831  4.81252  1.46601  0.45540  1.56513  0.23359
     59   3.09693  4.56640  4.20805  3.71037  3.26051  3.94257  4.06526  2.59925  2.76838  1.09859  2.65332  4.00703  3.95643  3.71175  3.55094  3.48579  3.29448  2.52855  4.32796  3.26190      - - -
          2.54091  4.18910  2.92766  2.70561  3.22625  2.66633  3.77575  2.83006  2.82275  2.33953  3.73926  3.18354  3.03052  3.22984  2.91696  2.68331  2.91750  2.69798  4.47296  3.49288
          0.02079  5.22356  4.82777  1.46601  0.45540  2.09053  0.13100
     60   2.49251  4.56224  3.75681  3.34716  3.38112  3.25497  3.59253  2.29565  3.27715  2.48211  3.66323  2.65470  3.76374  3.50589  2.36913  2.80096  2.10920  2.85641  4.39936  3.44351      - - -
          2.54091  4.18910  2.92766  2.70561  3.22625  2.66633  3.77575  2.83006  2.82275  2.33953  3.73926  3.18354  3.03052  3.22984  2.91696  2.68331  2.91750  2.69798  4.47296  3.49288
          0.02703  5.22356  4.25038  1.46601  0.45540  2.09053  0.13100
     61   2.50637  3.18635  4.03129  3.53985  3.26675  3.37350  3.90168  1.87422  3.48301  2.41973  3.28685  3.30418  3.79978  3.66601  2.99088  2.89176  2.49805  2.24367  4.29746  3.34785      - - -
          2.54091  4.18910  2.92766  2.70561  3.22625  2.66633  3.77575  2.83006  2.82275  2.33953  3.73926  3.18354  3.03052  3.22984  2.91696  2.68331  2.91750  2.69798  4.47296  3.49288
          0.02079  5.21663  4.82153  1.46601  0.45540  2.13559  0.12477
     62   3.05604  3.38389  4.18725  3.69373  3.12743  2.88483  4.04862  2.80373  3.63135  1.09582  2.92572  3.98763  3.93564  3.81226  3.32359  3.46222  3.26259  2.54380  4.42708  3.47816      - - -
          2.54091  4.18910  2.92766  2.70561  3.22625  2.66633  3.77575  2.83006  2.82275  2.33953  3.73926  3.18354  3.03052  3.22984  2.91696  2.68331  2.91750  2.69798  4.47296  3.49288
          0.02357  5.21732  4.54843  1.46601  0.45540  2.13559  0.12477
     63   3.19189  5.13686  3.24041  3.21269  4.15675  3.27646  2.84948  3.93356  3.12812  3.15308  4.59621  3.25012  0.98768  3.64175  2.99920  2.73372  3.34092  3.67155  5.09042  3.59738      - - -
          2.54091  4.18910  2.92766  2.70561  3.22625  2.66633  3.77575  2.83006  2.82275  2.33953  3.73926  3.18354  3.03052  3.22984  2.91696  2.68331  2.91750  2.69798  4.47296  3.49288
          0.02079  5.21455  4.81876  1.46601  0.45540  2.15292  0.12269
     64   2.75937  3.01029  2.85433  2.49944  3.76027  2.58123  3.64175  3.52530  2.82730  2.78016  4.09784  3.16971  2.69560  3.14407  2.40864  2.55073  2.87235  3.27854  4.28429  3.61471      - - -
          2.54091  4.18910  2.92766  2.70561  3.22625  2.66633  3.77575  2.83006  2.82275  2.33953  3.73926  3.18354  3.03052  3.22984  2.91696  2.68331  2.91750  2.69798  4.47296  3.49288
          0.02495  5.21455  4.39733  1.46601  0.45540  2.15292  0.12269
     65   2.93196  5.92220  2.26723  1.34396  5.23806  3.45668  3.91831  4.10130  2.08008  3.94326  5.05022  3.02554  3.73393  2.99643  2.47449  2.51538  3.24665  3.94465  6.01855  4.86030      - - -
          2.54091  4.18910  2.92766  2.70561  3.22625  2.66633  3.77575  2.83006  2.82275  2.33953  3.73926  3.18354  3.03052  3.22984  2.91696  2.68331  2.91750  2.69798  4.47296  3.49288
          0.02079  5.21039  4.81460  1.46601  0.45540  2.18133  0.11922
     66   2.85433  4.28637  2.86265  3.53431  3.20160  3.77483  3.38182  2.13970  3.40954  1.85065  3.05881  3.83513  3.79354  3.57312  3.37974  3.17179  2.63668  2.11058  4.28845  3.33953      - - -
          2.54091  4.18910  2.92766  2.70561  3.22625  2.66633  3.77575  2.83006  2.82275  2.33953  3.73926  3.18354  3.03052  3.22984  2.91696  2.68331  2.91750  2.69798  4.47296  3.49288
          0.02634  5.21039  4.31276  1.46601  0.45540  2.18133  0.11922
     67   3.01514  4.95942  3.32914  2.60757  3.85385  3.45252  4.01951  3.45806  2.50290  2.90770  3.90098  3.20576  3.71591  1.84095  1.89016  2.78086  3.19189  2.71085  4.61354  3.82682      - - -
          2.54091  4.18910  2.92766  2.70561  3.22625  2.66633  3.77575  2.83006  2.82275  2.33953  3.73926  3.18354  3.03052  3.22984  2.91696  2.68331  2.91750  2.69798  4.47296  3.49288
          0.02149  5.20554  4.80975  1.46601  0.45540  2.21530  0.11506
     68   2.13692  4.46382  3.90653  3.12258  2.95068  3.24041  3.88989  2.50568  3.46430  2.42111  3.42063  3.56065  3.47331  3.46499  3.03732  2.84809  2.16673  2.36220  4.29053  3.18981      - - -
          2.54091  4.18910  2.92766  2.70561  3.22625  2.66633  3.77575  2.83006  2.82275  2.33953  3.73926  3.18354  3.03052  3.22984  2.91696  2.68331  2.91750  2.69798  4.47296  3.49288
          0.02703  5.20554  4.28226  1.46601  0.45540  2.21530  0.11506
     69   2.66302  4.24478  4.01882  3.52876  2.72194  3.73047  3.36171  2.89938  3.44073  2.20346  3.34300  3.82612  3.64590  3.46569  2.89453  3.30418  2.90562  2.53618  1.84996  3.00682      - - -
          2.54091  4.18910  2.92766  2.70561  3.22625  2.66633  3.77575  2.83006  2.82275  2.33953  3.73926  3.18354  3.03052  3.22984  2.91696  2.68331  2.91750  2.69798  4.47296  3.49288
          0.02149  5.19999  4.80420  1.46601  0.45540  2.25065  0.11021
     70   2.59093  4.19626  5.51671  4.90466  4.00426  4.85337  5.48274  1.98235  4.92753  1.62677  3.74017  5.25054  4.77989  5.19855  4.95387  4.48323  3.19120  0.88441  5.81476  4.74038      - - -
          2.54091  4.18910  2.92766  2.70561  3.22625  2.66633  3.77575  2.83006  2.82275  2.33953  3.73926  3.18354  3.03052  3.22984  2.91696  2.68331  2.91750  2.69798  4.47296  3.49288
          0.02149  5.19999  4.80420  1.46601  0.45540  2.02607  0.14071
     71   2.77046  4.58512  3.13228  2.80650  3.77552  2.85572  3.71314  3.53569  1.95255  2.94791  4.18933  2.90632  3.58144  2.50706  2.17505  2.78224  3.04425  3.10525  4.03060  3.49757      - - -
          2.54091  4.18910  2.92766  2.70561  3.22625  2.66633  3.77575  2.83006  2.82275  2.33953  3.73926  3.18354  3.03052  3.22984  2.91696  2.68331  2.91750  2.69798  4.47296  3.49288
          0.02357  5.20415  4.60319  1.46601  0.45540  2.22362  0.11368
     72   2.76283  3.62858  2.88414  1.61429  3.65838  3.12951  3.79840  3.22170  2.73927  2.75590  3.14060  3.19467  3.67779  3.14476  3.20229  2.58539  3.08653  3.07475  4.64196  3.66670      - - -
          2.54091  4.18910  2.92766  2.70561  3.22625  2.66633  3.77575  2.83006  2.82275  2.33953  3.73926  3.18354  3.03052  3.22984  2.91696  2.68331  2.91750  2.69798  4.47296  3.49288
          0.02149  5.20276  4.80698  1.46601  0.45540  2.01359  0.14279
     73   3.02276  4.31341  3.44766  3.27022  3.45598  3.39498  2.38784  2.99850  2.50013  2.73857  3.92178  3.12189  3.68056  2.38507  2.04681  2.87582  3.01791  3.05534  4.45203  3.20298      - - -
          2.54091  4.18910  2.92766  2.70561  3.22625  2.66633  3.77575  2.83006  2.82275  2.33953  3.73926  3.18354  3.03052  3.22984  2.91696  2.68331  2.91750  2.69798  4.47296  3.49288
          0.02287  5.20692  4.68360  1.46601  0.45540  2.20837  0.11576
     74   3.08238  3.72146  2.61173  2.60341  4.18171  2.51954  2.58262  4.13596  2.49320  3.53708  4.65859  2.43498  3.21269  3.06921  2.35457  2.70530  3.20784  3.84068  2.93474  3.77067      - - -
          2.54091  4.18910  2.92766  2.70561  3.22625  2.66633  3.77575  2.83006  2.82275  2.33953  3.73926  3.18354  3.03052  3.22984  2.91696  2.68331  2.91750  2.69798  4.47296  3.49288
          0.02149  5.20554  4.81044  1.46601  0.45540  2.21530  0.11506
     75   2.92434  3.95921  3.79147  2.65748  3.44836  3.68611  3.85385  2.96870  3.10733  2.47518  3.82612  3.58768  1.36268  3.59669  3.39152  3.16278  3.14684  2.48211  4.46936  3.51213      - - -
          2.54091  4.18910  2.92766  2.70561  3.22625  2.66633  3.77575  2.83006  2.82275  2.33953  3.73926  3.18354  3.03052  3.22984  2.91696  2.68331  2.91750  2.69798  4.47296  3.49288
          0.02149  5.20623  4.81044  1.46601  0.45540  2.21530  0.11506
     76   2.65332  5.51047  2.49389  1.80075  4.78613  2.50221  3.88643  4.54908  2.22773  3.90583  4.79999  2.94583  3.57520  2.62628  2.75937  2.33170  2.83215  3.41994  5.54582  4.45758      - - -
          2.54091  4.18910  2.92766  2.70561  3.22625  2.66633  3.77575  2.83006  2.82275  2.33953  3.73926  3.18354  3.03052  3.22984  2.91696  2.68331  2.91750  2.69798  4.47296  3.49288
          0.02634  5.20623  4.39663  1.46601  0.45540  2.21530  0.11506
     77   3.13575  4.95526  2.30813  2.86126  4.58096  2.69907  3.39776  4.55670  2.76838  4.03129  5.11538  2.42250  3.44558  3.36102  3.14060  1.40080  2.22980  4.32796  5.29837  4.23439      - - -
          2.54091  4.18910  2.92766  2.70561  3.22625  2.66633  3.77575  2.83006  2.82275  2.33953  3.73926  3.18354  3.03052  3.22984  2.91696  2.68331  2.91750  2.69798  4.47296  3.49288
          0.07139  2.94241  4.80628  1.30450  0.43738  2.24164  0.11160
     78   2.28872  3.16763  3.94604  3.55510  3.40053  1.78896  3.97862  2.94513  3.51837  1.87561  3.77067  3.81087  3.60085  3.72354  3.34646  2.66025  3.17942  2.68867  4.42985  3.47470      - - -
          2.54091  4.18910  2.92766  2.70561  3.22625  2.66633  3.77575  2.83006  2.82275  2.33953  3.73926  3.18354  3.03052  3.22984  2.91696  2.68331  2.91750  2.69798  4.47296  3.49288
          0.03327  5.20207  3.94609  1.46601  0.45540  2.24164  0.11160
     79   2.78294  5.92982  2.59995  1.46388  4.89911  4.23092  3.87118  3.61818  2.02463  3.17456  4.38064  3.71661  3.93217  2.67342  2.27209  2.85502  3.20298  3.01514  5.92081  4.80970      - - -
          2.54091  4.18910  2.92766  2.70561  3.22625  2.66633  3.77575  2.83006  2.82275  2.33953  3.73926  3.18354  3.03052  3.22984  2.91696  2.68331  2.91750  2.69798  4.47296  3.49288
          0.02218  5.19029  4.79519  1.46601  0.45540  2.30749  0.10397
     80   2.82868  5.91458  2.49528  1.22058  5.22073  3.48925  4.22468  4.50541  2.33239  3.93772  4.56294  2.45924  3.72978  2.66233  2.87027  3.02831  2.84463  3.94188  6.00607  4.85059      - - -
          2.54091  4.18910  2.92766  2.70561  3.22625  2.66633  3.77575  2.83006  2.82275  2.33953  3.73926  3.18354  3.03052  3.22984  2.91696  2.68331  2.91750  2.69798  4.47296  3.49288
          0.02218  5.19098  4.79519  1.46601  0.45540  2.30749  0.10397
     81   1.10760  4.30925  4.91644  4.35222  3.71522  4.28984  4.87000  2.55281  4.33836  1.83124  2.74065  4.72513  4.46590  4.56432  4.32311  3.94673  3.41093  1.84372  5.22489  4.22676      - - -
          2.54091  4.18910  2.92766  2.70561  3.22625  2.66633  3.77575  2.83006  2.82275  2.33953  3.73926  3.18354  3.03052  3.22984  2.91696  2.68331  2.91750  2.69798  4.47296  3.49288
          0.02218  5.19098  4.79519  1.46601  0.45540  2.30749  0.10397
     82   2.02602  4.41253  4.08675  2.54241  3.29864  3.18843  4.01397  2.20069  3.53084  2.46894  3.60224  3.92663  3.87256  3.73463  3.46985  3.31042  3.08931  1.65103  4.42015  3.46430      - - -
          2.54091  4.18910  2.92766  2.70561  3.22625  2.66633  3.77575  2.83006  2.82275  2.33953  3.73926  3.18354  3.03052  3.22984  2.91696  2.68331  2.91750  2.69798  4.47296  3.49288
          0.02287  5.19098  4.79519  1.46601  0.45540  2.30749  0.10397
     83   2.25961  5.49176  3.04079  1.89294  4.38827  3.91485  4.34876  3.43449  2.21456  3.17248  4.40005  3.62026  3.89405  2.75798  2.33170  3.00752  2.17505  2.73996  5.40719  4.37232      - - -
          2.54091  4.18910  2.92766  2.70561  3.22625  2.66633  3.77575  2.83006  2.82275  2.33953  3.73926  3.18354  3.03052  3.22984  2.91696  2.68331  2.91750  2.69798  4.47296  3.49288
          0.02287  5.19098  4.79519  1.46601  0.45540  2.30749  0.10397
     84   3.04980  4.08744  4.32519  3.82751  2.44468  4.01812  4.17339  2.44607  3.75750  1.05284  3.04009  4.11586  4.05347  3.93495  3.66601  3.27438  3.38597  2.50360  4.26974  3.57659      - - -
          2.54091  4.18910  2.92766  2.70561  3.22625  2.66633  3.77575  2.83006  2.82275  2.33953  3.73926  3.18354  3.03052  3.22984  2.91696  2.68331  2.91750  2.69798  4.47296  3.49288
          0.02426  5.19098  4.62329  1.46601  0.45540  2.30749  0.10397
     85   1.56993  4.28083  4.73969  4.11309  3.67710  4.33489  4.64958  2.43290  4.16923  1.76540  2.54033  4.53383  4.33143  4.38411  4.12071  3.91207  3.25566  1.52903  5.02665  4.03961      - - -
          2.54091  4.18910  2.92766  2.70561  3.22625  2.66633  3.77575  2.83006  2.82275  2.33953  3.73926  3.18354  3.03052  3.22984  2.91696  2.68331  2.91750  2.69798  4.47296  3.49288
          0.04367  5.18959  3.57179  1.46601  0.45540  2.31650  0.10328
     86   3.07059  6.28264  1.75708  0.97729  5.49799  3.89474  4.54006  4.61215  2.66025  4.09784  5.19855  3.57936  3.89682  2.82245  2.94375  3.20506  3.47886  3.61402  6.37205  5.17776      - - -
          2.54091  4.18910  2.92766  2.70561  3.22625  2.66633  3.77575  2.83006  2.82275  2.33953  3.73926  3.18354  3.03052  3.22984  2.91696  2.68331  2.91750  2.69798  4.47296  3.49288
          0.03604  5.16949  3.86707  1.46601  0.45540  2.42186  0.09219
     87   2.64015  4.05209  1.62191  2.45646  4.20042  2.43775  3.59946  4.38064  2.94583  3.71522  4.82564  2.52301  3.42756  3.00058  3.07129  2.54172  3.01653  3.21269  5.11122  3.99248      - - -
          2.54091  4.18910  2.92766  2.70561  3.22625  2.66633  3.77575  2.83006  2.82275  2.33953  3.73926  3.18354  3.03052  3.22984  2.91696  2.68331  2.91750  2.69798  4.47296  3.49288
          0.03951  5.15701  3.71873  1.46601  0.45540  2.48216  0.08664
     88   2.91463  4.43332  4.00703  3.51559  2.50776  3.72076  3.21962  2.80858  3.45737  1.45417  3.49549  3.81157  3.77344  3.63967  3.35963  3.29032  2.83146  2.60410  3.77552  2.45716      - - -
          2.54091  4.18910  2.92766  2.70561  3.22625  2.66633  3.77575  2.83006  2.82275  2.33953  3.73926  3.18354  3.03052  3.22984  2.91696  2.68331  2.91750  2.69798  4.47296  3.49288
          0.04228  5.14107  3.62169  1.46601  0.45540  2.55147  0.08041
     89   2.79541  4.49778  3.78384  2.53756  3.30002  3.74849  3.60362  2.56529  3.03386  2.28179  3.66462  3.76305  3.75819  2.54172  3.07129  3.00128  2.24852  2.20970  4.20735  3.37558      - - -
          2.54091  4.18910  2.92766  2.70561  3.22625  2.66633  3.77575  2.83006  2.82275  2.33953  3.73926  3.18354  3.03052  3.22984  2.91696  2.68331  2.91750  2.69798  4.47296  3.49288
          0.02703  5.12236  4.44169  1.46601  0.45540  2.62564  0.07417
     90   2.56529  4.71404  2.47934  2.81690  3.61541  2.97563  3.22932  3.05812  2.76491  2.48766  4.00703  2.94652  3.35548  2.72818  2.37952  2.86611  2.93889  3.06435  4.32519  3.60986      - - -
          2.54091  4.18910  2.92766  2.70561  3.22625  2.66633  3.77575  2.83006  2.82275  2.33953  3.73926  3.18354  3.03052  3.22984  2.91696  2.68331  2.91750  2.69798  4.47296  3.49288
          0.03050  5.11959  4.20879  1.46601  0.45540  2.63673  0.07347
     91   2.11405  5.07656  2.61658  1.87907  3.98069  3.50312  3.93287  3.34508  2.70530  3.06227  3.37627  3.37003  3.65492  2.79403  2.61658  2.77670  2.68797  3.11842  4.96774  3.90583      - - -
          2.54091  4.18910  2.92766  2.70561  3.22625  2.66633  3.77575  2.83006  2.82275  2.33953  3.73926  3.18354  3.03052  3.22984  2.91696  2.68331  2.91750  2.69798  4.47296  3.49288
          0.03604  5.11404  3.90311  1.46601  0.45540  2.65891  0.07209
     92   2.86542  3.24249  3.33468  3.22447  3.09000  3.32359  2.49805  2.80928  3.29309  2.07801  3.57728  3.67918  2.79541  3.54332  2.80304  2.79264  2.84671  2.72956  4.27320  3.21615      - - -
          2.54091  4.18910  2.92766  2.70561  3.22625  2.66633  3.77575  2.83006  2.82275  2.33953  3.73926  3.18354  3.03052  3.22984  2.91696  2.68331  2.91750  2.69798  4.47296  3.49288
          0.06238  5.10226  3.10669  1.46601  0.45540  2.69981  0.06862
     93   2.88691  4.70989  2.70045  2.64084  3.61263  2.22495  3.80394  3.18912  2.52231  2.51677  3.56342  3.04425  3.57382  3.18704  2.53271  2.57569  3.10109  2.93058  4.50402  3.60639      - - -
          2.54091  4.18910  2.92766  2.70561  3.22625  2.66633  3.77575  2.83006  2.82275  2.33953  3.73926  3.18354  3.03052  3.22984  2.91696  2.68331  2.91750  2.69798  4.47296  3.49288
          0.11229  5.06621  2.40383  1.46601  0.45540  2.81764  0.06100
     94   3.00197  5.23252  2.42527  2.31160  4.57888  1.92829  3.62026  4.63087  2.08702  3.97931  5.06478  2.63114  3.18427  3.12604  2.42250  2.42250  3.05465  4.25171  5.27203  4.19418      - - -
          2.54091  4.18910  2.92766  2.70561  3.22625  2.66633  3.77575  2.83006  2.82275  2.33953  3.73926  3.18354  3.03052  3.22984  2.91696  2.68331  2.91750  2.69798  4.47296  3.49288
          0.22943  4.98096  1.66841  1.46601  0.45540  3.03598  0.04852
     95   2.65678  4.37856  3.44073  2.97702  3.11149  3.14684  3.68056  2.78086  3.01237  2.39685  3.60224  3.17110  2.10850  3.37280  3.02277  2.91463  2.86473  2.64431  3.66115  3.26398      - - -
          2.54091  4.18910  2.92766  2.70561  3.22625  2.66633  3.77575  2.83006  2.82275  2.33953  3.73926  3.18354  3.03052  3.22984  2.91696  2.68331  2.91750  2.69798  4.47296  3.49288
          0.05129  4.78202  3.44702  1.46601  0.45540  3.37008  0.03396
     96   2.90562  5.02665  2.41973  2.61519  4.27043  1.99136  3.59461  4.34806  2.64916  3.64868  4.75702  2.68382  2.29011  2.62074  2.76838  2.49875  3.02415  3.93841  5.03359  3.98069      - - -
          2.54091  4.18910  2.92766  2.70561  3.22625  2.66633  3.77575  2.83006  2.82275  2.33953  3.73926  3.18354  3.03052  3.22984  2.91696  2.68331  2.91750  2.69798  4.47296  3.49288
          0.00000        *        *  0.00000        *  0.00000        *
//
